20

8 0 0 0 0 9 0 0 0 
8 0 0 0 0 0 9 0 0 

8 0 0 0 0 0 9 0 0 
8 0 0 0 0 9 0 0 0 

5 1 0 0 0 0
4 1 0 0 0

4 1 0 0 0
5 1 0 0 0 0

5 0 0 1 0 0
3 1 0 0 

3 0 0 1 
5 0 0 0 0 1

2 1 0 
5 0 0 0 1 0

3 0 0 1 
5 0 0 0 0 1

5 8 7 6 5 4 5 9 7 6 5 4
5 8 7 6 5 4 5 8 9 6 5 4
5 8 7 6 5 4 5 8 7 9 5 4
5 8 7 6 5 4 5 8 7 6 9 4
5 8 7 6 5 4 5 8 7 6 5 9

5 5 3 2 1 0 5 4 3 2 1 0
5 4 5 2 1 0 5 4 3 2 1 0
5 4 3 5 1 0 5 4 3 2 1 0
5 4 3 2 5 0 5 4 3 2 1 0
5 4 3 2 1 5 5 4 3 2 1 0

12 1 2 3 4 5 6 7 8 9 0 1 2
12 1 2 3 4 5 6 7 8 9 0 1 2

16 1 2 3 4 5 6 7 8 9 0 1 2 3 4 5 6
16 1 2 3 4 5 6 7 8 9 0 1 2 3 4 5 6

7

6
1 5
1 4
1 3
1 2
1 1
1 0

6
1 0
1 1
1 2
1 3
1 4
1 5

7
1 3
1 1
1 5
1 4
1 2
1 0
1 6

10
2 3 5
2 3 4
2 4 5
2 5 7
2 5 6
2 1 3
2 6 7
2 1 2
2 6 8
2 4 6

9
2 3 4 
2 1 2
2 5 6 
2 1 2
2 5 6 
2 3 4 
2 1 2
2 3 4 
2 5 6 

9

6 3 4 5 6 7 8 
6 4 5 6 7 8 9
6 1 2 3 4 5 6 
6 4 5 6 7 8 9
6 1 2 3 4 5 6 
6 3 4 5 6 7 8 
6 3 4 5 6 7 8 
6 1 2 3 4 5 6 
6 4 5 6 7 8 9

8
8 1 4 4 4 4 4 4 9
8 0 1 4 4 4 4 4 9
8 0 0 1 4 4 4 4 9
8 0 0 0 1 4 4 4 9
8 0 0 0 0 1 4 4 9
8 0 0 0 0 0 1 4 9
8 0 0 0 0 0 0 1 9
8 0 0 0 0 0 0 0 9 
